1|||||
1|||||
1|||||
1|||||
1|||||
1|||||
1|||||
1|||||
1|||||
1|||||
1|||||
1|||||
2|1|||||||170|3|||2007-03-22|||07||||I
2|2|||||||170|3|||2026-01-15|||07||||I
2|3|||||||170|3|||2026-01-16|||07||||I
2|4|||||||170|3|||2026-01-01|||07||||I
2|5|||||||170|3|||2026-01-14|||07||||I
2|6|||||||170|3|||2026-01-06|||07||||I
2|7|||||||170|3|||2007-03-22|||07||||I
3|19||||||||||||I
3|20||||||||||||I
3|21||||||||||||I
3|22||||||||||||I
3|23||||||||||||I
3|24||||||||||||I
3|25||||||||||||I
3|26||||||||||||I
3|27||||||||||||I
3|28||||||||||||I
4|37||||||||||||||I
4|38||||||||||||||I
4|39||||||||||||||I
4|40||||||||||||||I
4|41||||||||||||||I
4|42||||||||||||||I
5|55||||||||I
5|56||||||||I
5|57||||||||I
5|58||||||||I
5|59||||||||I
5|60||||||||I
5|61||||||||I
5|62||||||||I
6|73||||||3434545|||I
6|74||||||3434545|||I
6|75||||||13123123|||I